1970        51074.      363697.
 1971        50820.      322112.
 1972        51227.      278368.
 1973        51500.      150701.
 1974        46209.      465421.
 1975        40993.      164002.
 1976        36133.      134799.
 1977        30995.      111875.
 1978        27696.       94538.
 1979        24503.       99236.
 1980        22215.       80743.
 1981        19091.       79956.
 1982        17957.       81497.
 1983        17203.      103201.
 1984        16337.       92009.
 1985        14724.       97312.
 1986        15076.      100847.
 1987        14454.       88453.
 1988        14328.      134320.
 1989        13889.      116810.
 1990        13308.      110211.
 1991        13007.       89498.
 1992        12614.       76928.
 1993        12764.       71082.
 1994        12640.       80360.
 1995        13186.      105261.
 1996        14287.       80001.
 1997        15241.       63203.
 1998        15466.       78339.
 1999        14920.       80650.
 2000        14949.       81597.
 2001        14517.       80308.
 2002        14103.       68981.
 2003        13861.      134999.
 2004        14077.      131369.
 2005        14200.       49309.
 2006        14141.       43473.
 2007        15326.       84741.
 2008        16140.       44558.
 2009        16228.      123732.
 2010        15895.       81965.
 2011        18426.        1190.

